0 0
1 0
2 0
3 0
4 0
5 998000
6 0
7 0
8 0
9 0
10 0
11 0
12 0
13 0
14 0
15 0
16 0
17 999000
18 0
19 0
20 0
21 0
22 0
23 0
24 0
25 0
26 0
27 0
28 0
29 999000
30 0
31 0
32 0
33 0
34 1002000
35 0
36 0
37 0
38 0
39 0
40 0
41 0
42 1001000
43 1000000
44 999000
45 0
46 0
47 0
48 0
49 0
50 0
51 0
52 0
53 0
54 0
55 0
56 0
57 999000
58 0
59 0
60 0
61 1000000
62 0
63 1008000
64 997000
65 0
66 0
67 0
68 1000000
69 1001000
70 999000
71 0
72 0
73 0
74 998000
75 1000000
76 0
77 0
78 0
79 0
80 0
81 1001000
82 1000000
83 999000
84 0
85 525000
86 1005000
87 1000000
88 0
89 0
90 0
91 0
92 0
93 0
94 999000
95 999000
96 1000000
97 1001000
98 1000000
99 999000
100 1003000
