0 0
1 0
2 0
3 0
4 0
5 0
6 0
7 0
8 0
9 0
10 0
11 0
12 0
13 0
14 0
15 1008000
16 0
17 0
18 0
19 0
20 0
21 0
22 0
23 0
24 0
25 0
26 0
27 0
28 998000
29 0
30 0
31 0
32 0
33 0
34 0
35 0
36 0
37 0
38 0
39 0
40 0
41 0
42 1001000
43 0
44 0
45 0
46 0
47 0
48 0
49 0
50 999000
51 0
52 0
53 1000000
54 0
55 509000
56 0
57 0
58 0
59 0
60 998000
61 0
62 0
63 1005000
64 0
65 0
66 0
67 1000000
68 0
69 0
70 0
71 1001000
72 1000000
73 0
74 1004000
75 1005000
76 1001000
77 999000
78 1000000
79 0
80 0
81 0
82 0
83 528000
84 1011000
85 0
86 1013000
87 999000
88 1000000
89 1001000
90 1000000
91 1000000
92 999000
93 1000000
94 0
95 0
96 999000
97 1000000
98 999000
99 0
100 0
